Data taking started at   1637076484.9930 seconds (2021-11-16 11:28:04.992952)
    0        53.2565   1637076538.2495   10   11   512  80125
    1        84.7483   1637076569.7413  -12   -9   715  80477
    2       121.5765   1637076606.5695  -43  -34   620  79815
    3       122.2668   1637076607.2598    3    4   714  80665
    4       152.0545   1637076637.0474   -1    6   714  80585
    5       155.3643   1637076640.3573    8   10   714  80623
    6       168.0262   1637076653.0192   -3    1   171  80050
    7       170.5256   1637076655.5185    2    8   715  80642
    8       208.3031   1637076693.2960  -12   -5     2  79962
    9       215.5035   1637076700.4964  -19  -16   333  79737
   10       250.4388   1637076735.4317  -29  -26   579  79754
   11       288.2182   1637076773.2112    7    8   715  80668
   12       297.0110   1637076782.0040    6   10   714  80652
   13       509.5575   1637076994.5505   17   18   714  80716
   14       538.6351   1637077023.6280  -41  -38   413  79537
   15       615.3304   1637077100.3233   -1    2   714  80588
   16       626.1488   1637077111.1418  -11   -7   667  79886
   17       648.1153   1637077133.1082  -17  -13   582  79990
   18       660.3707   1637077145.3637  -12  -11   484  79801
   19       694.2999   1637077179.2929   -6   -5   476  79920
   20       737.9662   1637077222.9592    9   12   714  80692
   21       750.4078   1637077235.4007  -52  -48   553  79332
   22       774.5993   1637077259.5922   16   17   548  80276
   23       787.0375   1637077272.0304   17   18   714  80658
   24       882.5936   1637077367.5866    5    7   714  80615
   25       925.6352   1637077410.6281  -21  -17   714  80417
   26       930.3751   1637077415.3681   11   13   715  80698
   27       945.6570   1637077430.6500   18   19   713  80781
   28       994.7806   1637077479.7736  -25  -23   587  79930
   29      1069.4704   1637077554.4634  -63  -58    26  79550
   30      1074.6193   1637077559.6123   18   20   713  80758
   31      1077.5481   1637077562.5410  -45  -39   610  79739
   32      1147.0551   1637077632.0480    3    8   714  80603
   33      1303.2386   1637077788.2315  -52  -42   504  79713
   34      1424.1368   1637077909.1297  -71  -70   715  79835
   35      1441.4507   1637077926.4437  -37  -28   568  79821
   36      1580.8151   1637078065.8080   17   18   714  80744
   37      1648.3949   1637078133.3879   -3    5   715  80580
   38      1676.6362   1637078161.6292    0    2   300  80097
   39      1764.6955   1637078249.6884   -8   -4   305  79992
   40      1819.5145   1637078304.5075  -19  -14   472  79803
   41      1952.3697   1637078437.3626   19   22   701  80771
   42      2113.6130   1637078598.6060   12   13   714  80683
   43      2113.8533   1637078598.8463  -31  -27   225  79683
   44      2160.1687   1637078645.1617   18   21   714  80766
   45      2166.5387   1637078651.5317   17   19   713  80685
   46      2201.6975   1637078686.6904   16   18   714  80783
   47      2254.0716   1637078739.0645   17   21   713  80735
   48      2334.6299   1637078819.6228   13   16   714  80729
   49      2397.0103   1637078882.0032   13   15   714  82178
   50      2399.5307   1637078884.5236  -50  -46   201  81151
   51      2629.1055   1637079114.0984   27   29   129  94435
   52      2674.1894   1637079159.1824  -38  -26   715  94219
   53      2719.0665   1637079204.0595   16   19   715  94751
   54      2854.3840   1637079339.3769   -6    0   715  94580
