Data taking started at   1637336664.9231 seconds (2021-11-19 11:44:24.923086)
    0        35.9309          484.0000   16 7219  7217   7461
    1        37.7368         4012.0000  -37 5455  5452   7461
    2        73.8909         1208.0000   -4 6857  6855   7461
    3       351.7891         4316.0000   -5 5302  5300   7460
    4       375.1627         1976.0000    2 6473  6470   7461
    5       412.5385         1880.0000  -41 6520  6518   7460
    6       513.0323          364.0000   13 7279  7277   7461
    7       586.8206         1654.0000    5 6635  6633   7462
    8       708.7803          974.0000   -3 6975  6973   7462
    9       714.7225          170.0000  -43 7376  7372   7461
   10       824.0409         1672.0000  -24 6625  6623   7461
   11       849.6933         7956.0000    8 3483  3481   7461
   12       867.3849           34.0000  -13 7444  7441   7461
   13      1049.5013          710.0000  -15 7105  7103   7460
   14      1119.3264          860.0000  -35 7031  7028   7461
   15      1132.5766         9588.0000  -21 2668  2666   7462
   16      1225.8032         3770.0000    5 5576  5574   7461
   17      1251.8520          206.0000   11 7358  7356   7461
   18      1256.9522          634.0000  -15 7144  7142   7461
   19      1282.4520         3154.0000   -1 5884  5882   7461
   20      1363.6143         5444.0000   -9 4739  4737   7461
   21      1417.7839         5016.0000  -22 4953  4950   7461
   22      1443.2282         1184.0000   11 6868  6866   7460
   23      1458.3087         3440.0000   -5 5741  5738   7461
   24      1551.0354          540.0000   24 7191  7189   7461
   25      1557.6504         2176.0000   -5 6373  6371   7461
   26      1655.2065         6566.0000  -23 4179  4176   7462
   27      1698.7550          474.0000   -9 7224  7222   7461
   28      1716.8911         4990.0000    9 4966  4964   7461
   29      1733.4003           18.0000   10 7452  7450   7461
   30      1799.7475         4700.0000   19 5111  5110   7461
   31      1957.3126         1546.0000  -26 6687  6684   7460
   32      2003.6572         1652.0000   11 6635  6632   7461
   33      2246.4326         3652.0000   27 5634  5632   7460
   34      2276.2607           22.0000   18 7450  7447   7461
   35      2302.4044         2448.0000    0 6238  6235   7462
   36      2363.6825         1902.0000  -27 6509  6505   7460
   37      2535.6838          128.0000  -14 7398  7396   7462
   38      2543.3373         1992.0000   27 6465  6464   7461
   39      2556.3420         1276.0000   20 6823  6821   7461
   40      2568.7747         2528.0000  -25 6196  6194   7460
   41      2759.2502         1790.0000  -21 6566  6564   7461
   42      2859.4045          116.0000    8 7403  7401   7461
   43      3011.1784          996.0000  -27 6963  6960   7461
   44      3017.3708          520.0000  -48 7200  7196   7460
   45      3036.1510         4120.0000   -1 5401  5398   7461
   46      3040.0478         8176.0000  -24 3373  3370   7461
   47      3091.4344         1560.0000   14 6680  6678   7460
   48      3111.9995         4644.0000   16 5139  5137   7461
   49      3222.9433         1610.0000   -1 6656  6653   7461
   50      3234.7773         2646.0000  -22 6138  6135   7461
   51      3300.1472         2934.0000    8 5994  5992   7461
   52      3413.3405         1118.0000  -13 6901  6898   7460
   53      3441.2361         5062.0000   18 4914  4912   7445
   54      3468.4725         3764.0000    6 5579  5577   7461
   55      3602.6341          838.0000   -1 7042  7039   7461
    0        26.5886          656.0000  -14 7117  7114   7445
    1       171.1585          898.0000    7 6996  6994   7445
    2       213.0200         7212.0000   -2 3839  3837   7445
    3       276.1916         2274.0000  -19 6308  6305   7445
    4       351.3552        10590.0000  -25 2149  2146   7444
    5       358.3659          438.0000   -3 7225  7223   7444
    6       400.3245         7398.0000    6 3746  3744   7445
    7       420.7952          192.0000  -49 7349  7346   7445
    8       437.6492         2284.0000    4 6303  6301   7445
    9       453.3840          968.0000   15 6960  6958   7444
   10       526.4648         6964.0000    7 3963  3961   7445
   11       559.3693          838.0000  -42 7027  7024   7446
   12       682.1692          162.0000   15 7363  7361   7444
   13       797.8462         7768.0000   -5 3562  3560   7446
   14       816.2553         9008.0000  -12 2940  2937   7444
   15       818.7918          732.0000  -20 7080  7077   7446
   16       821.9198          222.0000  -12 7334  7332   7445
   17       965.6138         2626.0000    3 6131  6129   7444
   18       966.5029         5614.0000    3 4638  4636   7445
   19      1035.6750         1706.0000   -4 6593  6590   7446
   20      1078.1945          294.0000   -3 7297  7294   7444
   21      1103.7932         3090.0000   26 5899  5898   7444
   22      1266.7410         3240.0000  -53 5825  5822   7445
   23      1481.5843           76.0000   19 7406  7405   7444
   24      1491.5830          610.0000   -2 7139  7136   7444
   25      1520.7544          236.0000  -33 7327  7325   7445
   26      1590.9542         1054.0000  -18 6918  6915   7445
   27      1631.3903         1202.0000  -16 6843  6841   7444
   28      1683.1607         3722.0000  -33 5584  5581   7445
   29      1775.9446         1432.0000   -6 6714  6712   7430
   30      1834.6200         3484.0000    1 5703  5701   7445
   31      1840.5387         1920.0000  -14 6485  6482   7445
   32      1853.8047         9152.0000    8 2869  2867   7445
   33      1862.3357         2328.0000   -7 6282  6279   7446
   34      1950.5047         7164.0000  -15 3862  3859   7444
    0        44.9206         1282.0000  -10 6785  6782   7426
    1        59.1943         4932.0000   15 4959  4957   7425
    2       112.8124          304.0000    6 7273  7271   7425
    3       134.5935          574.0000   -4 7138  7135   7425
    4       221.2962         1284.0000  -12 6784  6782   7426
    5       267.1853         1504.0000   -8 6672  6670   7424
    6       301.7417         4150.0000  -18 5351  5349   7426
    7       311.6332           78.0000  -35 7386  7383   7425
    8       332.0617         1118.0000   -4 6867  6866   7426
    9       456.4821         4778.0000   26 5035  5033   7424
   10       498.3747          296.0000  -23 7276  7274   7424
   11       569.6154           94.0000  -51 7379  7376   7426
   12       589.8771          194.0000   10 7328  7325   7425
   13       597.4673         6362.0000  -49 4245  4242   7426
   14       598.9220          124.0000  -16 7362  7360   7424
   15       607.1795         1964.0000  -10 6443  6441   7425
   16       625.6343         1320.0000  -28 6766  6763   7426
   17       628.5797         1840.0000   -6 6505  6502   7425
   18       664.9655          154.0000   -2 7349  7347   7426
   19       686.0964         4942.0000  -41 4955  4953   7426
   20       696.1216          966.0000   12 6928  6925   7411
   21       710.2668         3374.0000  -68 5737  5733   7424
   22       731.7375           88.0000   -2 7381  7379   7425
   23       735.8337         3148.0000  -14 5852  5849   7426
   24       744.1688          260.0000  -30 7294  7291   7424
   25       813.0157         7704.0000  -36 3573  3570   7425
   26       840.4450         1986.0000    3 6433  6430   7426
   27       945.2387         1848.0000   14 6500  6498   7424
   28       959.5298         6360.0000    9 4245  4243   7425
   29      1066.5727         7972.0000  -49 3440  3437   7426
   30      1090.8172           74.0000   -8 7389  7387   7426
   31      1124.1204          620.0000   21 7115  7113   7425
   32      1193.3854          498.0000   19 7162  7160   7411
   33      1205.6429          722.0000  -11 7065  7062   7426
   34      1209.3745         7348.0000   22 3751  3749   7425
   35      1210.6827         1810.0000    2 6520  6517   7425
   36      1288.9617          858.0000  -14 6997  6995   7426
   37      1354.7503          614.0000   17 7118  7116   7425
   38      1430.5706          930.0000  -27 6960  6957   7425
   39      1475.5577         1324.0000  -17 6764  6762   7426
   40      1507.6808         3318.0000    6 5766  5764   7425
   41      1533.3060         1086.0000   26 6881  6880   7424
   42      1555.0892         1262.0000  -46 6794  6791   7425
   43      1596.5415         9430.0000   -7 2709  2707   7424
   44      1624.6339         2666.0000   -3 6092  6090   7425
   45      1684.1244         2628.0000   -4 6112  6110   7426
   46      1734.0070           70.0000  -30 7391  7388   7426
   47      1800.9766         9200.0000  -22 2825  2822   7425
   48      1803.1056         1974.0000  -11 6439  6436   7426
   49      1809.2674          482.0000  -23 7184  7181   7425
   50      1834.2635         2490.0000  -10 6181  6179   7426
   51      1873.0280          618.0000  -22 7116  7113   7425
   52      1887.8984         8522.0000 -112 3164  3160   7425
   53      1981.0236          902.0000   -1 6962  6960   7413
   54      2077.6945          364.0000    1 7227  7225   7409
   55      2233.2237          374.0000  -28 7237  7235   7424
   56      2279.5632         2244.0000   -4 6303  6300   7425
   57      2392.6351         1910.0000  -81 6470  6466   7425
   58      2393.5579           20.0000   -4 7417  7414   7427
   59      2523.9814         4420.0000  -14 5216  5213   7426
   60      2545.6168         2364.0000   -1 6244  6242   7426
   61      2585.4374         3944.0000    6 5453  5451   7425
   62      2654.3612         3456.0000  -29 5697  5695   7425
   63      2833.6008         5870.0000  -27 4490  4488   7425
   64      2975.8443         2880.0000   -6 5986  5984   7426
   65      3005.8358         6750.0000   -7 4050  4048   7425
   66      3035.5974         2000.0000  -10 6424  6421   7424
   67      3044.9960         7230.0000   -6 3810  3807   7425
   68      3049.6880         3476.0000    9 5687  5685   7425
   69      3274.8118         9532.0000    9 2659  2657   7425
   70      3324.6358         8368.0000    2 3241  3239   7425
   71      3346.5906         1378.0000  -20 6736  6734   7425
   72      3367.5442         1170.0000   21 6840  6838   7425
   73      3507.3668         1856.0000   13 6497  6495   7425
   74      3524.4880         1474.0000  -29 6689  6687   7426
